100
    1  5781  5218
    2 10074  9419
    3  9912  9005
    4  8189  7426
    5  4137  4015
    6  6199  5464
    7  9442  9528
    8   561   818
    9  7414  6760
   10  7472  7721
   11  2035  2910
   12  4129  3458
   13  4552  4703
   14     1   571
   15  9655  8767
   16  6929  7091
   17  2021  2272
   18  6316  6807
   19  5104  4724
   20  4666  4549
   21  3331  3664
   22  3655  4078
   23  2509  2447
   24  7637  7757
   25  3208  2319
   26  2406  2207
   27  7806  7901
   28  9969  9726
   29  7121  7560
   30  5728  6446
   31  7125  7380
   32  2401  1842
   33  7040  7246
   34  2220  2908
   35  4838  5303
   36  8996  9376
   37  4093  4655
   38   248   947
   39  3198  3679
   40 10084  9797
   41  6502  6002
   42   508   920
   43  9317  9665
   44   873   812
   45  9017  8682
   46  8613  8953
   47  7854  8540
   48  2543  2472
   49  6626  6050
   50  3924  3823
   51  9201  9337
   52  1026  2023
   53  5947  6816
   54  9727  9499
   55   877  1787
   56  6066  5598
   57  8493  8980
   58  9652  9465
   59  1102  1071
   60  6390  5713
   61     1   455
   62  4208  4081
   63  2304  1434
   64  5532  6409
   65  9931  8942
   66  4215  4595
   67  7183  7711
   68  9429  8829
   69  9824  9287
   70  2832  3240
   71  7474  7960
   72  8464  8940
   73  3533  4105
   74  3458  2806
   75  4097  3658
   76  8821  9327
   77  7213  6933
   78  1387  2218
   79  8259  7475
   80  6771  6633
   81  6074  6792
   82  4585  4124
   83  5384  5933
   84  3466  4312
   85  9729  8856
   86  3747  4496
   87  3023  3050
   88  6441  5715
   89  1671  1509
   90   720  1138
   91  3691  3271
   92  2991  3515
   93     1   199
   94  2375  3014
   95     1   363
   96  9532  9948
   97  4723  3828
   98  3865  4799
   99   988  1943
  100  2547  2267
15706
