100
    1  3633  3811
    2     1   207
    3  2527  2357
    4  5478  5774
    5  2319  3151
    6  1739  2621
    7  3275  3968
    8  7294  6511
    9  5593  5400
   10  4340  5069
   11  2749  3527
   12  7213  6510
   13 10312  9839
   14  2622  2687
   15  6933  7016
   16  1343  1088
   17  5182  4896
   18  8021  8971
   19  8402  8220
   20  1519  2497
   21  1954  1888
   22  4828  5603
   23  9501  9623
   24  3506  2554
   25  4166  4720
   26  6081  5779
   27  5481  5189
   28  3343  3611
   29  5455  5673
   30  4127  5106
   31  6960  7725
   32   720   159
   33  9304  8399
   34 10447  9744
   35   286  1103
   36  2863  1932
   37  4062  3951
   38  3560  4280
   39  2136  2775
   40  9353  9282
   41  9715  9682
   42  8186  8909
   43  8861  8073
   44  8495  7849
   45  5125  4266
   46  2539  2158
   47  4306  4117
   48  9294  9269
   49   343   818
   50  4490  3683
   51  5746  4818
   52  4632  5091
   53  7327  7296
   54  8266  7311
   55  9425  9428
   56  9750  9291
   57  9699  9444
   58  5748  5966
   59  8032  8791
   60  3912  3421
   61  8341  8856
   62  4256  3766
   63  7421  7635
   64 10342  9910
   65  6503  7119
   66  9444  9287
   67  4732  4248
   68  6738  7594
   69  8282  7815
   70  4825  5165
   71  7685  8481
   72  5719  5113
   73  6535  6953
   74  5611  5818
   75  6526  6771
   76  5103  4540
   77  5594  6358
   78  3657  3150
   79  4508  3868
   80  9279  9910
   81  4820  4233
   82  7956  8177
   83  7874  8022
   84  8628  9269
   85    26   953
   86  5401  4565
   87  7300  6627
   88  9634  9679
   89  5688  4965
   90  6416  6070
   91  2118  1328
   92  3624  4040
   93  3570  3880
   94   267   811
   95  7650  8467
   96  4456  5256
   97  8225  8212
   98  1920  1028
   99  6129  5887
  100  9965  9863
44878
