100
    1  8761  7781
    2  9719  9942
    3  4597  3856
    4   352   925
    5  7357  7714
    6  3423  3763
    7   451    75
    8  6729  6541
    9  1676  1819
   10 10616  9812
   11  5651  5825
   12  2155  2237
   13  1009  1810
   14  2622  2886
   15  8140  8306
   16  3778  2846
   17   981   707
   18 10511  9618
   19  6338  6679
   20  3623  4208
   21   359    51
   22  6731  6953
   23  1854  2738
   24  5410  5000
   25  7668  7682
   26  2388  2970
   27  5355  5824
   28  2165  1657
   29  6467  6315
   30  4424  3497
   31  2528  2919
   32  9193  9677
   33  8074  8785
   34  3072  3335
   35  6763  7306
   36   550  1515
   37  7327  8098
   38  7263  7614
   39  3245  3202
   40  6333  5680
   41  2120  2853
   42  4857  4563
   43   765   948
   44  9907  9159
   45  5571  6125
   46  1728  1156
   47  3734  3471
   48  3065  2915
   49  6037  6981
   50  8942  8202
   51  2506  3468
   52 10423  9634
   53   639   947
   54  4859  4182
   55  9974  9246
   56   751   121
   57  6477  6279
   58  7910  7380
   59  6094  6306
   60  1298  1468
   61  7328  7610
   62  3707  3884
   63  4678  5277
   64  5664  5524
   65  1324   833
   66   644   718
   67   586   258
   68  2982  3000
   69  6660  6714
   70  6781  5955
   71  9072  8075
   72  5589  6279
   73  7510  7804
   74  5736  5601
   75  9005  8413
   76  6429  7242
   77  7066  6648
   78  9279  9845
   79  9178  8918
   80  8590  8484
   81  2779  2139
   82  3515  4503
   83  2888  1936
   84  3182  3491
   85  8431  9179
   86  8812  9115
   87  1832  2781
   88 10440  9806
   89  2015  1096
   90  8502  9165
   91  1772  1402
   92  7484  6790
   93  7078  7242
   94  9241  9057
   95  1745   798
   96  7567  8471
   97  4866  5559
   98  6271  6954
   99  7096  7850
  100  1202   390
10001
