100
    1  3103  2655
    2  8428  8896
    3  7418  8346
    4  4327  3927
    5  5109  4508
    6  6974  7165
    7  8131  8981
    8  4393  5095
    9  5041  5893
   10 10521  9822
   11 10420  9995
   12  4404  4679
   13  8095  7596
   14  9093  8256
   15  8867  9228
   16  6273  5528
   17  8869  9645
   18  8314  8188
   19  6061  6961
   20  5709  4890
   21  6303  7277
   22  6387  7011
   23  1465  2156
   24     1   514
   25  6747  6956
   26  4917  5636
   27 10559  9978
   28  7773  7795
   29  9776  8805
   30  2923  3587
   31  5914  6033
   32  3306  4007
   33  6006  5707
   34  7478  8289
   35  3215  3300
   36  7442  7237
   37   859  1212
   38  4932  4280
   39  3453  4156
   40  8027  8106
   41  9185  9151
   42  6461  7277
   43  3375  4190
   44  7949  8273
   45   764  1239
   46  3307  2558
   47  3673  3609
   48  2021  2029
   49  5214  5119
   50  5016  5252
   51  5896  5206
   52  3630  4412
   53  9366  8493
   54   403   624
   55  7973  8520
   56  1079  1075
   57  6619  7489
   58  5888  5742
   59  2220  1644
   60  9481  9958
   61  8021  7492
   62  5011  4278
   63  3435  3399
   64  1593  1486
   65  6537  7051
   66  8088  8472
   67  5781  5164
   68  8067  8850
   69  1289  1860
   70  6692  6333
   71  7575  7845
   72  6845  7409
   73  5447  4598
   74   878    11
   75  9189  8903
   76  1515  1412
   77  3168  3026
   78  5496  4591
   79  5037  6032
   80  4952  4782
   81  6876  7253
   82  3352  3745
   83  9881  9930
   84  1257   941
   85  9026  8533
   86  6189  5685
   87  3912  3319
   88  6634  5816
   89  7437  7730
   90  2938  3111
   91  9500  9332
   92  6307  6048
   93  8001  7348
   94  7510  6971
   95  3644  4120
   96  7003  7233
   97  8387  7905
   98  7569  8452
   99  2689  1844
  100  3892  4144
28545
