100
    1   955  1248
    2 10260  9684
    3  7842  7506
    4  1616  2275
    5  8797  9452
    6  4515  4322
    7  4267  3421
    8  1126   788
    9  1331   341
   10  7389  7170
   11  1134   612
   12  7186  7731
   13  1854  2732
   14     8   372
   15  8448  7477
   16  4494  5333
   17  2030  2269
   18    19   352
   19  1360   457
   20  6754  7030
   21  4926  5501
   22  2054  2728
   23 10156  9332
   24  5733  5311
   25  9706  9357
   26  8290  9208
   27  7932  7266
   28  1147  1680
   29  6109  6918
   30  7432  8055
   31  1557  2186
   32  7433  8132
   33  6269  6860
   34  9595  9317
   35  8663  9100
   36  9308  9793
   37   828   508
   38  8546  7613
   39  4090  3252
   40  3104  3399
   41  2096  2831
   42  6140  5266
   43  7413  6790
   44  5269  5310
   45  6570  6823
   46  5232  5763
   47  5933  4994
   48  8772  8826
   49  8931  9887
   50  5582  5112
   51   440   687
   52  6934  7480
   53  2937  3165
   54  8640  8436
   55  2329  1969
   56  5065  4768
   57  2017  2145
   58  7490  8051
   59  3040  3556
   60  7003  7666
   61  6784  5893
   62  4757  3963
   63 10553  9600
   64   210   795
   65  9302  9420
   66  3317  3164
   67  1329  1701
   68  3185  3423
   69     1   388
   70  2877  2450
   71  7786  8366
   72  4100  3582
   73  2558  3254
   74  3333  3023
   75  7426  7824
   76  7495  6625
   77  1549  2451
   78  1573  1331
   79  5780  6617
   80  7460  8059
   81  9814  8886
   82  8724  7798
   83  6865  6211
   84  6419  5898
   85  1324   630
   86 10336  9946
   87  1996  2704
   88  5635  5588
   89  5646  5378
   90  8634  8043
   91  7927  7389
   92  7242  6573
   93  7785  6837
   94  5402  4768
   95  7655  8032
   96  6119  6733
   97  1889  2289
   98  5322  4681
   99  5829  5788
  100  1310  1740
51827
