100
    1  9291  8937
    2  1196  1253
    3  3513  3675
    4  3504  2772
    5  2376  2165
    6  8490  9219
    7  9787  9254
    8  7629  7957
    9  2228  1326
   10   243   867
   11  9981  9357
   12  3265  4068
   13  3226  4053
   14  6453  7317
   15  6206  6094
   16  4656  4214
   17  5595  5958
   18  4410  4593
   19  8679  7938
   20  1434  1815
   21     1   470
   22  5172  5545
   23     1   205
   24  1847  1232
   25  8977  9638
   26  9662  8921
   27   277  1035
   28  1625  1665
   29  2448  3183
   30  5326  5016
   31  9767  8803
   32  6607  5829
   33  1372  1477
   34     1   598
   35 10027  9301
   36  5971  6210
   37  4722  5029
   38  7590  7614
   39  2230  1821
   40  5960  6856
   41  6842  7576
   42  6582  6195
   43  4250  4831
   44  4562  4543
   45  5740  4960
   46   960   756
   47  4669  3979
   48   338   155
   49  8975  8488
   50  6415  6633
   51  6548  7272
   52     1   313
   53  8902  9750
   54  4913  5061
   55     1   154
   56  7421  8337
   57  7556  8234
   58  7770  7604
   59  3605  3453
   60  4030  4931
   61  9649  8974
   62  8458  9180
   63  8966  9513
   64  4413  3948
   65  1290   901
   66  2000  1533
   67  9537  9342
   68  5845  5936
   69  3653  2669
   70  4914  4787
   71  3374  2903
   72  8655  8175
   73  4489  4351
   74  2168  1408
   75  6644  6281
   76    17   370
   77  9190  9980
   78  7440  8404
   79  6648  6754
   80  2917  3612
   81  4530  4927
   82  8119  8935
   83   881    28
   84  8362  7627
   85  1432  1599
   86  2216  2187
   87  5220  6089
   88  3440  3669
   89  2457  2523
   90  1980  2124
   91  2691  3398
   92  4801  4782
   93  4648  3774
   94  1998  2897
   95  9641  9337
   96  7021  6494
   97  6705  5866
   98  8621  9530
   99  2839  1893
  100  6973  6109
19774
