100
    1   123    92
    2  2975  2565
    3  6925  7687
    4   465   428
    5  1587   809
    6  9448  8866
    7  4931  4242
    8 10226  9372
    9   779   834
   10  1871  1923
   11  6804  7080
   12  6378  5900
   13     1   489
   14  1985  1749
   15 10382  9689
   16  9424  9773
   17  7718  7018
   18  6120  5377
   19  9019  9198
   20  8943  9423
   21  5468  5082
   22  3613  4136
   23  2120  1865
   24  3790  3271
   25  2589  1593
   26  9127  9065
   27  7202  6247
   28  1385  1672
   29   430    50
   30  6228  6536
   31   511   494
   32  2020  1980
   33  4972  4168
   34  8627  7862
   35  7400  7105
   36  5888  5098
   37  7625  7769
   38  7917  7613
   39  5407  4633
   40  1476  2223
   41  7374  8108
   42  8305  7826
   43  7735  8715
   44 10916  9926
   45  8402  7988
   46   192   355
   47  5300  4486
   48  1801  1586
   49  3802  4188
   50     1   873
   51   590  1075
   52  6234  6801
   53  4674  4362
   54   777  1749
   55   877  1061
   56  6394  6552
   57   636   190
   58  7630  7827
   59  7228  6409
   60  4271  4203
   61  4161  4529
   62  7703  8667
   63  8758  9556
   64  1461  2371
   65  5144  5160
   66  1659  2349
   67  2378  2617
   68  4514  4679
   69  4453  4433
   70  2743  3618
   71  3484  3538
   72  5226  5878
   73  1470   899
   74  6599  7216
   75  3979  4148
   76  3907  3497
   77  9425  9119
   78  7604  6964
   79  4118  4589
   80  9243  8739
   81  2172  1906
   82  2421  3366
   83  8872  8119
   84  1541  1762
   85  4131  4018
   86  1124  1066
   87  8608  9396
   88  2635  1725
   89  4902  3951
   90  5458  5084
   91  5309  5393
   92  7924  8581
   93   215   305
   94  6754  6736
   95  3649  3685
   96  8666  8710
   97  6243  6174
   98  2972  2105
   99  6279  5937
  100  1045  1829
33105
