100
    1  6613  6374
    2  1551   730
    3  3020  3016
    4  9340  9273
    5  3348  2658
    6   964   920
    7  8778  8707
    8  1461  2234
    9  5663  6267
   10  3292  2968
   11  6365  6442
   12  5239  5289
   13  6769  6946
   14  5538  5002
   15  5720  6555
   16  1999  2651
   17  2443  3331
   18  2216  1782
   19     1   175
   20  2477  2156
   21  8982  8275
   22  2096  2670
   23 10545  9914
   24  9580  9797
   25  4819  4275
   26  1871  2350
   27  2728  3112
   28  9731  9734
   29  5103  4428
   30  8631  7965
   31  2363  3264
   32  7814  7994
   33 10338  9938
   34   997   171
   35  2211  3106
   36  4417  4071
   37  7296  7394
   38   575   947
   39  2183  2298
   40  5904  5165
   41  1224   725
   42  2535  2552
   43  2802  3548
   44  5528  6196
   45  7487  7517
   46  3653  4361
   47  8487  9048
   48  9816  9712
   49  1755  1749
   50  7507  8062
   51  3243  3141
   52  2028  2702
   53  2019  1427
   54  5589  6186
   55  6521  6887
   56  4737  3814
   57  1875   935
   58  9512  9689
   59  4723  4026
   60  8820  9176
   61  6091  6011
   62  3453  3569
   63  2098  1478
   64  4281  4833
   65  9897  9010
   66  5873  5410
   67  6134  6795
   68  2292  1765
   69  5118  5242
   70  2966  2072
   71  3475  2788
   72  7036  6644
   73   512   652
   74  7889  8613
   75  1434  1526
   76  2711  2455
   77  5145  6073
   78  1549   777
   79  5729  5311
   80  1098  1761
   81  9524  9580
   82  8887  8556
   83  3377  4025
   84  8344  8448
   85   729  1276
   86  2657  3376
   87  6411  6358
   88  3633  3770
   89  8223  8744
   90  4198  4097
   91  4308  5267
   92  8117  7315
   93  6862  6731
   94  7133  6854
   95  9646  8902
   96  8684  7971
   97 10369  9943
   98  8216  7375
   99  2539  1794
  100  8620  7986
29878
