100
    1  2271  1500
    2   841  1776
    3  8198  8526
    4  1173  2079
    5  5596  5864
    6  7715  7518
    7 10796  9801
    8  3495  3680
    9  2298  2193
   10  9195  8766
   11  1596  2272
   12  3292  2847
   13  1684  1160
   14  9067  9632
   15  4993  5633
   16  9202  9969
   17  4555  4393
   18  2412  3212
   19  5721  5701
   20  2090  1474
   21  6845  6857
   22  7946  8420
   23  1236   496
   24  7619  8475
   25  5438  5001
   26  5452  5492
   27  9827  8958
   28  8013  7788
   29  1794  1938
   30  7829  7875
   31   978   150
   32  7893  7856
   33  2406  3016
   34   700  1025
   35  1650  1304
   36  2019  2541
   37  7956  8472
   38  4605  4281
   39  2277  1344
   40  2209  2739
   41  4159  4427
   42  8930  9838
   43   192   306
   44  3294  2890
   45  2294  2403
   46  2074  2959
   47  3042  3102
   48  5052  4790
   49 10085  9419
   50  1433  1012
   51  1854  1403
   52  8821  7924
   53  3292  3881
   54 10045  9744
   55  8522  7613
   56  2408  2860
   57  5540  5533
   58  5726  5519
   59  8597  8688
   60   939   686
   61  5398  6129
   62  9958  8983
   63  3341  3356
   64  8352  8871
   65  2683  2792
   66  8429  7656
   67  2638  1889
   68  5206  5915
   69  6297  5904
   70  6862  7502
   71  3273  3018
   72  5780  5514
   73  8466  8050
   74  4446  4203
   75  1552  1036
   76  7625  8285
   77  3235  3887
   78  5332  6031
   79  7567  8197
   80  4736  5463
   81  5427  4466
   82  9050  9314
   83  2192  1839
   84  6379  6806
   85  1833  1922
   86  7281  6806
   87   524    12
   88  7439  7760
   89  6993  6302
   90     1   151
   91  6580  7337
   92  8992  8057
   93   131   817
   94  8864  8940
   95  5746  5580
   96  9550  9209
   97  2739  1789
   98  4917  5877
   99  6946  7800
  100  7819  8424
10077
