100
    1  7445  7529
    2  1329  2042
    3  2240  2836
    4  6301  6929
    5   558  1302
    6   223   567
    7  3922  3695
    8  4058  3649
    9 10407  9967
   10  4920  4024
   11  3188  4165
   12  6351  7121
   13  3180  3382
   14  9371  9434
   15     1   150
   16  9070  8210
   17  8758  8583
   18  6117  6758
   19  1977  1435
   20  9986  9764
   21  8440  8695
   22   537  1261
   23   774  1574
   24  5715  6028
   25  1936  2038
   26  3337  2494
   27  7652  8324
   28  9189  9741
   29   782  1295
   30  3725  3677
   31  5108  4955
   32  3227  4145
   33  1635  2629
   34  8077  7435
   35  5475  5102
   36  2333  2959
   37  4391  4326
   38   902   946
   39  1168   918
   40  7228  6340
   41  2058  1257
   42  4258  4183
   43  8288  7432
   44  1882  1579
   45     1   545
   46  4886  3960
   47  9118  9555
   48  1279  1143
   49  2692  3257
   50  3091  2302
   51  3093  2752
   52  8536  9190
   53     1   231
   54  3454  2874
   55  7973  7794
   56  1407  2029
   57  2954  2891
   58  9372  9912
   59   537  1174
   60  9363  8448
   61  6411  7374
   62  8506  8864
   63  1890  1521
   64  7522  7448
   65  3751  3269
   66  5230  6226
   67     1    70
   68   961   508
   69  7919  7006
   70  1097   903
   71  3585  3423
   72  3909  4347
   73  7493  7200
   74  4321  4421
   75  4879  5201
   76  6299  5582
   77  9572  9404
   78  9712  9337
   79  3199  3146
   80  7424  6888
   81  7166  6559
   82  3189  2987
   83  1368  2116
   84  3524  2583
   85  3730  3695
   86  1867  2255
   87  9799  9665
   88  6635  7634
   89   668   172
   90  7676  7057
   91  6926  7262
   92  5432  5306
   93  6923  7454
   94     1   693
   95  3654  3250
   96  6137  5995
   97     1   251
   98 10566  9950
   99  5979  5838
  100  4693  3706
41480
